
sorted,0.000000792,0.000001125,0.000000833
shuffled,0.000000833,0.000000542,0.000000625
reversed,0.000001708,0.000000542,0.000000666

500,------
sorted,0.000000750,0.000000917,0.000000583
shuffled,0.000000542,0.000000458,0.000000458
reversed,0.000000833,0.000000458,0.000000541

1000,------
sorted,0.000000875,0.000000792,0.000001042
shuffled,0.000000709,0.000000500,0.000000458
reversed,0.000000750,0.000000625,0.000000625

2500,------
sorted,0.000000709,0.000000709,0.000000667
shuffled,0.000000625,0.000000500,0.000000500
reversed,0.000000917,0.000000458,0.000000458

5000,------
